<<<<<<< HEAD
{0, 0, 0, 1, 0, 0, 0, 1, 0, 0, 0, 1, 0, 0, 0, 1, 0, 0, 0, 1, 0, 0, 0, 1, 0, 0, 0, 1, 0, 0, 0, 1, 0, 0, 0, 1, 0, 0, 0, 1}
{0, 0, 0, 1, 0, 0, 0, 1, 0, 0, 0, 1, 0, 0, 0, 1, 0, 0, 0, 1, 0, 0, 0, 1, 0, 0, 0, 1, 0, 0, 0, 1, 0, 0, 0, 1, 0, 0, 0, 1}
{0, 0, 0, 1, 0, 0, 0, 1, 0, 0, 0, 1, 0, 0, 0, 1, 1, 1, 1, 1, 1, 1, 1, 1, 0, 0, 0, 1, 0, 0, 0, 1, 0, 0, 0, 1, 0, 0, 0, 1}
{0, 0, 0, 1, 0, 0, 0, 1, 0, 0, 0, 1, 0, 0, 0, 1, 1, 1, 1, 1, 1, 1, 1, 1, 0, 0, 0, 1, 0, 0, 0, 1, 0, 0, 0, 1, 0, 0, 0, 1}
{0, 0, 0, 1, 0, 0, 0, 1, 0, 0, 0, 1, 1, 1, 1, 1, 1, 0, 0, 1, 1, 0, 0, 1, 1, 1, 1, 1, 0, 0, 0, 1, 0, 0, 0, 1, 0, 0, 0, 1}
{0, 0, 0, 1, 0, 0, 0, 1, 0, 0, 0, 1, 1, 1, 1, 1, 1, 0, 0, 1, 1, 0, 0, 1, 1, 1, 1, 1, 0, 0, 0, 1, 0, 0, 0, 1, 0, 0, 0, 1}
{0, 0, 0, 1, 0, 0, 0, 1, 1, 1, 1, 1, 1, 0, 0, 1, 1, 0, 0, 1, 1, 0, 0, 1, 1, 0, 0, 1, 1, 1, 1, 1, 0, 0, 0, 1, 0, 0, 0, 1}
{0, 0, 0, 1, 0, 0, 0, 1, 1, 1, 1, 1, 1, 0, 0, 1, 1, 0, 0, 1, 1, 0, 0, 1, 1, 0, 0, 1, 1, 1, 1, 1, 0, 0, 0, 1, 0, 0, 0, 1}
{0, 0, 0, 1, 1, 1, 1, 1, 1, 0, 0, 1, 1, 0, 0, 1, 0.5, 0, 0, 1, 0.5, 0, 0, 1, 1, 0, 0, 1, 1, 0, 0, 1, 1, 1, 1, 1, 0, 0, 0, 1}
{0, 0, 0, 1, 1, 1, 1, 1, 1, 0, 0, 1, 1, 0, 0, 1, 0.5, 0, 0, 1, 0.5, 0, 0, 1, 1, 0, 0, 1, 1, 0, 0, 1, 1, 1, 1, 1, 0, 0, 0, 1}
{0, 0, 0, 1, 0, 0, 0, 1, 0.5, 0.5, 0.5, 1, 0.5, 0, 0, 1, 0.5, 0, 0, 1, 0.5, 0, 0, 1, 0.5, 0, 0, 1, 0.5, 0.5, 0.5, 1, 0, 0, 0, 1, 0, 0, 0, 1}
{0, 0, 0, 1, 0, 0, 0, 1, 0.5, 0.5, 0.5, 1, 0.5, 0, 0, 1, 0.5, 0, 0, 1, 0.5, 0, 0, 1, 0.5, 0, 0, 1, 0.5, 0.5, 0.5, 1, 0, 0, 0, 1, 0, 0, 0, 1}
{0, 0, 0, 1, 0, 0, 0, 1, 0, 0, 0, 1, 0.5, 0.5, 0.5, 1, 0.5, 0, 0, 1, 0.5, 0, 0, 1, 0.5, 0.5, 0.5, 1, 0, 0, 0, 1, 0, 0, 0, 1, 0, 0, 0, 1}
{0, 0, 0, 1, 0, 0, 0, 1, 0, 0, 0, 1, 0.5, 0.5, 0.5, 1, 0.5, 0, 0, 1, 0.5, 0, 0, 1, 0.5, 0.5, 0.5, 1, 0, 0, 0, 1, 0, 0, 0, 1, 0, 0, 0, 1}
{0, 0, 0, 1, 0, 0, 0, 1, 0, 0, 0, 1, 0, 0, 0, 1, 0.5, 0.5, 0.5, 1, 0.5, 0.5, 0.5, 1, 0, 0, 0, 1, 0, 0, 0, 1, 0, 0, 0, 1, 0, 0, 0, 1}
{0, 0, 0, 1, 0, 0, 0, 1, 0, 0, 0, 1, 0, 0, 0, 1, 0.5, 0.5, 0.5, 1, 0.5, 0.5, 0.5, 1, 0, 0, 0, 1, 0, 0, 0, 1, 0, 0, 0, 1, 0, 0, 0, 1}
{0, 0, 0, 1, 0, 0, 0, 1, 0, 0, 0, 1, 0, 0, 0, 1, 0, 0, 0, 1, 0, 0, 0, 1, 0, 0, 0, 1, 0, 0, 0, 1, 0, 0, 0, 1, 0, 0, 0, 1}
=======
{0, 0, 0, 1, 0, 0, 0, 1, 0, 0, 0, 1, 0, 0, 0, 1, 0, 0, 0, 1, 0, 0, 0, 1, 0, 0, 0, 1, 0, 0, 0, 1, 0, 0, 0, 1, 0, 0, 0, 1}
{0, 0, 0, 1, 0, 0, 0, 1, 0, 0, 0, 1, 0, 0, 0, 1, 0, 0, 0, 1, 0, 0, 0, 1, 0, 0, 0, 1, 0, 0, 0, 1, 0, 0, 0, 1, 0, 0, 0, 1}
{0, 0, 0, 1, 0, 0, 0, 1, 0, 0, 0, 1, 0, 0, 0, 1, 1, 1, 1, 1, 1, 1, 1, 1, 0, 0, 0, 1, 0, 0, 0, 1, 0, 0, 0, 1, 0, 0, 0, 1}
{0, 0, 0, 1, 0, 0, 0, 1, 0, 0, 0, 1, 0, 0, 0, 1, 1, 1, 1, 1, 1, 1, 1, 1, 0, 0, 0, 1, 0, 0, 0, 1, 0, 0, 0, 1, 0, 0, 0, 1}
{0, 0, 0, 1, 0, 0, 0, 1, 0, 0, 0, 1, 1, 1, 1, 1, 1, 0, 0, 1, 1, 0, 0, 1, 1, 1, 1, 1, 0, 0, 0, 1, 0, 0, 0, 1, 0, 0, 0, 1}
{0, 0, 0, 1, 0, 0, 0, 1, 0, 0, 0, 1, 1, 1, 1, 1, 1, 0, 0, 1, 1, 0, 0, 1, 1, 1, 1, 1, 0, 0, 0, 1, 0, 0, 0, 1, 0, 0, 0, 1}
{0, 0, 0, 1, 0, 0, 0, 1, 1, 1, 1, 1, 1, 0, 0, 1, 1, 0, 0, 1, 1, 0, 0, 1, 1, 0, 0, 1, 1, 1, 1, 1, 0, 0, 0, 1, 0, 0, 0, 1}
{0, 0, 0, 1, 0, 0, 0, 1, 1, 1, 1, 1, 1, 0, 0, 1, 1, 0, 0, 1, 1, 0, 0, 1, 1, 0, 0, 1, 1, 1, 1, 1, 0, 0, 0, 1, 0, 0, 0, 1}
{0, 0, 0, 1, 1, 1, 1, 1, 1, 0, 0, 1, 1, 0, 0, 1, 0.5, 0, 0, 1, 0.5, 0, 0, 1, 1, 0, 0, 1, 1, 0, 0, 1, 1, 1, 1, 1, 0, 0, 0, 1}
{0, 0, 0, 1, 1, 1, 1, 1, 1, 0, 0, 1, 1, 0, 0, 1, 0.5, 0, 0, 1, 0.5, 0, 0, 1, 1, 0, 0, 1, 1, 0, 0, 1, 1, 1, 1, 1, 0, 0, 0, 1}
{0, 0, 0, 1, 0, 0, 0, 1, 0.5, 0.5, 0.5, 1, 0.5, 0, 0, 1, 0.5, 0, 0, 1, 0.5, 0, 0, 1, 0.5, 0, 0, 1, 0.5, 0.5, 0.5, 1, 0, 0, 0, 1, 0, 0, 0, 1}
{0, 0, 0, 1, 0, 0, 0, 1, 0.5, 0.5, 0.5, 1, 0.5, 0, 0, 1, 0.5, 0, 0, 1, 0.5, 0, 0, 1, 0.5, 0, 0, 1, 0.5, 0.5, 0.5, 1, 0, 0, 0, 1, 0, 0, 0, 1}
{0, 0, 0, 1, 0, 0, 0, 1, 0, 0, 0, 1, 0.5, 0.5, 0.5, 1, 0.5, 0, 0, 1, 0.5, 0, 0, 1, 0.5, 0.5, 0.5, 1, 0, 0, 0, 1, 0, 0, 0, 1, 0, 0, 0, 1}
{0, 0, 0, 1, 0, 0, 0, 1, 0, 0, 0, 1, 0.5, 0.5, 0.5, 1, 0.5, 0, 0, 1, 0.5, 0, 0, 1, 0.5, 0.5, 0.5, 1, 0, 0, 0, 1, 0, 0, 0, 1, 0, 0, 0, 1}
{0, 0, 0, 1, 0, 0, 0, 1, 0, 0, 0, 1, 0, 0, 0, 1, 0.5, 0.5, 0.5, 1, 0.5, 0.5, 0.5, 1, 0, 0, 0, 1, 0, 0, 0, 1, 0, 0, 0, 1, 0, 0, 0, 1}
{0, 0, 0, 1, 0, 0, 0, 1, 0, 0, 0, 1, 0, 0, 0, 1, 0.5, 0.5, 0.5, 1, 0.5, 0.5, 0.5, 1, 0, 0, 0, 1, 0, 0, 0, 1, 0, 0, 0, 1, 0, 0, 0, 1}
{0, 0, 0, 1, 0, 0, 0, 1, 0, 0, 0, 1, 0, 0, 0, 1, 0, 0, 0, 1, 0, 0, 0, 1, 0, 0, 0, 1, 0, 0, 0, 1, 0, 0, 0, 1, 0, 0, 0, 1}
>>>>>>> 12fa110b21928b31eb4877f8d5b5df0b12480307
